MODE 1
EFAC 1.64
1                820.049 58004.9296554998420  3933.83
1                820.049 58006.8633621702758  3950.71
1                820.049 58008.8880123641940  5172.51
1                820.049 58010.9066453910112  5673.95
1                820.049 58014.1107807904231  6045.28
1                820.049 58017.8944933883456  2893.49
1                820.049 58022.2161014527618  2971.36
1                820.049 58032.1112627560976  7706.48
1                820.049 58032.1112627603257  9487.63


