MODE 1
EFAC 0.69
C 1                820.049 56791.3083140777522  2610.75
C 1                820.049 56791.3134081813481  2766.15
C 1                820.049 56791.3185452775067  2413.46
C 1                820.049 56791.3236639568123     6.98
1                820.049 56821.4439421572060  5222.90
1                820.049 56821.4498088248207  6298.27
1                820.049 56821.4606288413772  2007.52
1                820.049 56910.9484535302506  4374.04
1                820.049 56910.9538487727482  3147.56
1                820.049 56910.9592685667548  3141.47
1                820.049 56910.9646698965112  2299.80
1                820.049 56910.9708191832512  4159.67
C 1                820.049 56939.0513838633869  1814.21
1                820.049 56944.1295578440252  1706.13
1                820.049 56944.1340887182641  3743.72
1                820.049 56944.1449284212659  8908.66
1                820.049 58004.9296554998420  3933.83
1                820.049 58006.8633621702758  3950.71
1                820.049 58008.8880123641940  5172.51
1                820.049 58010.9066453910112  5673.95
1                820.049 58014.1107807904231  6045.28
1                820.049 58017.8944933883456  2893.49
1                820.049 58022.2161014527618  2971.36
1                820.049 58032.1112627560976  7706.48
1                820.049 58032.1112627603257  9487.63


